1193649312313610240
1193643533388931078
1193619431659847680
1193592805765124096
1193592128888283137
1193591485171732480
1193590840293240832
1193589840652251139
1193558789368295424
1193550518402080768
1193540707392331778
1193540664232939520
1193540636168916992
1193540600873865216
1193540338922733568
1193539557444198400
1193537151717261319
1193536955562233856
1193532019554340864
1193531823634161664
1193530301567455232
1193528947348312064
1193525598154448897
1193525000944398342
1193523741109760003
1193521507185676288
1193521395084468224
1193517417399496704
1193512994401128449
1193512949433929734
1193512913623044102
1193501977335992322
1193501438703521793
1193500890667376657
1193500677596762112
1193498328161509379
1193498284788191232
1193498082685718528
1193497443448578051
1193497384380174337
1193497064065380352
1193496899409661952
1193496175661518848
1193494078568255488
1193494039439532032
1193493430418255877
1193493002741780480
1193492991027089413
1193492927902896128
1193492115856203776
1193491292275298305
1193490529843138561
1193489726222802946
1193489525135294464
1193482737413500934
1193480839964823552
1193480601879404544
1193480515229245440
1193479761701552128
1193479195780960256
1193479075156889600
1193477107688583168
1193477035647217664
1193476445688995842
1193476229938241537
1193475189687885824
1193472795533074432
1193472391390908417
1193471536575008768
1193465378032230400
1193464129836765184
1193464008701026304
1193463960755982336
1193463348718919682
1193463044900343808
1193459208647299072
1193458654218993664
1193458581825302531
1193458164349489152
1193457698152603648
1193455598551150592
1193454472384700416
1193452968844115968
1193451740865138688
1193450691257348097
1193450681216229376
1193450266785406977
1193450140536856581
1193449683005399041
1193449333024268289
1193449028828184578
1193448920287993856
1193447985834864642
1193447897200812034
1193447618535288833
1193446962433052679
1193446908863361024
1193446083608875008
1193445928188940289
1193445886703091712
1193445795950931968
1193445476898656256
1193444913146408960
1193444499910987776
1193444494307450880
1193444439672414208
1193442285700157440
1193442172399497222
1193442126345977856
1193441317549940736
1193440964657995776
1193440793152958464
1193439586279710721
1193439436689887232
1193438598432997376
1193438249542471681
1193437896763756545
1193437695634223104
1193437194532331522
1193436599507439617
1193435489111543808
1193434443282878464
1193434199941959680
1194009796833370113
1194005792728473600
1193968845863706625
1193962317614059522
1193883203490263041
1193855009261334530
1194211150352855040
1194162505347555328
1194162329027514369
1194160852049551369
1194712882199564288
1194667525042245633
1194586609297035264
1194943515987451904
1195425343663988736
1195420967977267200
1195361199283724288
1195342307266105344
1195260579184889856
1196029836969627648
1196029611483811840
1196029505493712897
1196436568191447040
1196434724375482369
1196405694074777600
1196395628118597633
1196379614731493377
1196371000448946176
1196767675168514059
1196756995887583237
1196743545790566400
1192224064838021120
1192214829164924929
1192208714767519745
1192203887693967361
1192199983891546113
1192199620966993923
1192198962180239360
1192196813496995841
1192194529530712064
1192184885156274177
1192178974899785731
1192178605931020288
1192178393510502402
1192170285920931841
1192166486347005952
1192166294243725312
1192165984796389378
1192165886821617667
1192162152028786689
1192161643809169408
1192160663705128961
1192160165824466946
1192158911350087682
1192158215280189440
1192157239152455680
1192156672334151681
1192156012624711680
1192155462306877442
1192155030796849153
1192154434916225025
1192153447153446912
1192150961864753152
1192147668182667264
1192141096001953792
1192136750132535299
1192133834113998855
1192131844310994944
1192131570787913728
1192131260258377728
1192130423125663744
1192130196322881537
1192128867760259073
1192127891959689216
1192931454323478529
1192925495924539399
1192917798621724672
1192917414251520000
1192916484592406530
1192913325534912512
1192913120840310784
1192912925696110593
1192910982751903744
1192910538747105283
1192910424062275586
1192909693661908992
1192907599504691200
1192907528272830465
1192907181752029184
1192905623966494723
1192905454042701824
1192903809456050176
1192902542415536130
1192901814527631365
1192901471689433099
1192901295537045505
1192901244127457282
1192901205644783616
1192900105017470976
1192898538419691520
1192897727329386496
1192897422399344640
1192897072057458691
1192895113753698306
1192894648827744256
1192894047813324805
1192894037554073600
1192893999998230528
1192893912203104256
1192893541841854467
1192892809512194048
1192891299172638725
1192890893700874240
1192890440862842880
1192889895037091840
1192889107472670720
1192888534115520512
1192888232905715718
1192885105120952320
1192877101298470912
1192876516880850946
1192874094175424513
1192873796082044929
1192873427423678465
1192873379856031750
1192872195543973889
1192872194038259713
1192872192758943744
1192872191563587585
1192872190380822530
1192872188891799553
1192872187872661504
1192872186727600135
1192871867079634944
1192871663010013184
1192871502082953216
1192870818281394176
1192870670264348673
1192869392872280064
1192869170381250561
1192868660534300673
1192866875786584065
1192865418840547328
1192865396602396675
1192864790940659713
1192864552922288131
1192864362530320384
1192856007258587136
1192841710545465344
1192840741564944384
1192839458380537857
1192839388662812677
1192826611571318786
1192820268969930753
1192817895564292096
1192807628516339714
1192804193855246337
1192801907552739329
1192801368219824133
1192797829191884801
1192792710484307969
1192792495895273474
1192790786171179008
1192789583714570255
1192788318620200960
1192786869853011968
1192776071273439232
1192776017733193730
1192775020730310657
1192771788830322688
1192769765502332928
1192769751094833157
1192768931137835008
1192766059981336576
1192760424254435328
1192759648178393089
1192759417944461312
1192757404427063298
1192757116722917376
1192756146253258759
1192755379333148672
1192754636114939905
1182332210268925952
1193496012041662464
1193495550550855682
1193493688804134912
1182691074843779073
1182613671274520581
1182600175644225536
1193825513594392576
1193686519879520257
1182978364321259522
1182977547488903169
1182951217116389376
1183433937017851904
1183422533518929925
1183363464967999488
1183353221831712769
1183324476186005504
1183733405885894658
1183688846673895424
1183664474047287296
1195094219976781824
1184207709643726849
1184179300641234946
1184156032823640067
1184088269530767363
1184068301091213313
1184044856290754560
1184035788520079361
1184482747773050883
1184454598003695616
1184454106653569024
1184453151337996288
1184407911847682048
1184403624073539587
1195651811404857344
1184876221303328768
1184876054143553537
1184862885840850948
1184828419202269184
1184775980797366272
1196191168519950338
1196190881436581891
1185165702526881793
1185097501143162881
1196504940723818497
1196436699712237569
1196391183871881216
1196334076246003712
1185511208859906048
1185503617538822144
1196766071543488512
1190414078373744642
1190349927450316800
1190254949751496704
1190248912654946306
1190221087277228033
1190197188095303681
1185956732247445504
1185899801205968898
1185897133804838917
1185860873786724352
1186378853100539904
1186351560189730818
1186339636043505665
1186259962990862337
1186253334044381187
1186220833464651776
1186198383998001152
1186762547191599107
1186760370242904064
1186709876447285250
1186651530767798272
1186646201267032067
1186633279061024770
1186607646167785473
1186604568806940672
1186597136542158853
1186594181826920448
1186576582221139970
1186569522825908224
1186541095691399168
1187068754812964865
1187068602576527360
1187068477154254851
1187068220584419328
1187068056104849408
1187067251381415936
1186994556673417216
1187341152137166849
1187341057945681921
1187286076513247232
1187276911782891522
1187276641111805952
1187275654099865600
1187273107503009792
1187859732410830848
1187736175244693504
1187694275724791808
1187687904002347008
1187666040580390913
1187637942526889984
1188138052687933441
1188067699861143555
1188550527535271938
1188473792517099521
1188456565449396225
1188395367592804352
1188386315454291968
1188936434775920641
1188836996350910466
1188801078948749312
1188778301373976576
1188757800232505345
1188751663022125056
1189270716174274560
1189228780688162823
1189207493295181824
1189179990358626304
1189175437672493056
1189147300100300800
1189142406970728448
1189134785786068992
1189108255634706434
1190722671258079232
1190702788273201153
1190662760398540801
1190647858686504966
1190622749791866880
1190614150902358018
1190586189973200896
1190586065901543424
1190573611880501249
1190568739718254592
1190562302510206977
1190418405800710145
1189656193150701573
1189652649152516097
1189650623748292610
1189613861734932480
1189603120130560000
1189595210440957953
1189595125862846464
1189566355877617664
1189555073891872769
1189539730704228352
1189488811509719040
1190042714726907904
1189980861019697152
1189971517720932353
1189955850426834946
1189949118078160896
1189903651327893505
1189861938576207873
1189860285449932800
1189855734231642112
1189841669488807936
1191115406389460994
1191082620970577924
1191028575413125122
1191021215642771456
1190970630985830400
1190948711142240256
1190913758539001857
1190908722870136833
1191432423852130305
1191418582522978304
1191410200596668418
1191404685795692550
1191387015104860161
1191386624514347009
1191385024781803523
1191354805551337472
1191342956848041984
1191319987446788096
1191289777963831296
1191285870399311872
1191264339816259584
1191775995315003393
1191763930638684161
1191717049384370177
1191707503995867136
1191657313440010240
1191641874680991745
1191505730844712960
1192195865609490436
1192184676460433410
1192154592823431168
1192109887997788160
1192085681885065217
1192060017081491456
1192042993584394242
1192042933941424131
1192035747232129027
1192003149197905922
1191997383913152512
1192583807213416448
1192541211472670731
1192483793803923457
1192481741564469248
1192464276654567424
1192459565088092162
1192413440763203585
1192396006522048512
1192379287975972864
1192354723837468672
1192928532034400257
1192928092572078080
1192915668926173184
1192885943679750146
1192876105931337734
1192874915680182275
1192864585679884288
1192850717406564352
1192846286392832000
1192779360903798785
1192772381036699648
1192758914556866562
1192754009486049280
1192746889676050432
1192738399259701248
1192732687552929792
1192721897601077248
1192711833007906816
1193668780829954048
1193649199709069312
1193531505248595968
1193489889230303232
1193486979725438981
1193992597376831489
1194149551583694848
1194687135221243916
1194565153448235008
1195084955480711168
1195065819232972800
1195054824099917825
1195053876044533760
1194936155319480321
1195423135534919684
1195402835967430656
1195330258276421635
1195298217015021568
1195687395628326912
1195626508594896896
1195995494696112128
1196436479528099840
1196395748075692033
1196765308876406784
1190415678571982850
1190410719365390337
1190409320455921664
1190408155064344578
1190407321220001794
1190406113486950413
1190399366705688581
1190398942330134528
1190396304993722370
1190396215638274048
1190395566095847430
1190394978444427264
1190385437526900742
1190384683915382785
1190383562903568384
1190382840384491522
1190382803789242368
1190381262923608066
1190380823347892224
1190380796143648768
1190380741907099648
1190380198883209216
1190380085481758723
1190379895270051840
1190376829305139202
1190376625705308160
1190376393521192960
1190356754770595843
1190349404806549504
1190323246207578112
1190313966511230977
1190292087884914693
1190291808401670147
1190290922182979584
1190288895033917440
1190288757544632321
1190288728771715072
1190281535435526145
1190279520751902722
1190274758027423749
1190267088620916736
1190267006890774528
1190247162208231425
1190246901951746048
1190245593999904769
1190244340586754049
1190232177457410048
1190172397611171840
1190172267260592128
1190165363905966080
1190165121676517377
1190159067274207232
1190153202391494656
1190758409517387778
1190704523284750336
1190696977106911234
1190677449073471488
1190631647244378113
1190625597392859137
1190625549166817280
1190555143361593344
1190035226032058368
1190031562370367489
1190031091471654913
1190007868315058180
1190007725943603212
1190007386767056897
1189999184012812288
1189997817076555776
1189991858526674944
1189974316152025088
1189960822346387459
1189939084011159552
1189907261319188481
1189905285311279104
1189884415633219584
1189883851390226432
1189883036864782336
1189879249513132032
1189877290173452288
1189874131501813762
1189873834436026370
1189871244537212928
1189870956514295808
1189851284876255232
1189826056003424256
1191084370024652800
1191054251922984965
1191028449755963392
1190986309969567745
1190959071400210432
1190940884189286400
1190934310989250561
1191505017783627776
1191448283807453185
1191448150281723907
1191433369772539906
1191426384041664512
1191421452723113985
1191385615662751744
1191344876421599233
1191341072087044096
1191299044645244929
1191291926399668224
1191285829374791680
1191273760126652416
1191260434369859584
1191819013950771203
1191805231467814912
1191793825477484544
1191793147191451649
1191790522907664384
1191781760700493831
1191768509191249920
1191765158319861760
1191744870387519490
1191726327335968768
1191724815448756225
1191721588921643008
1191720179945922561
1191697217633034240
1191692883239297024
1191683010011320320
1191665900694446082
1191656616195690496
1191633861840646144
1191627017848008705
1191616053425721346
1191509521694412800
1191508892062273538
1192186143221174272
1192182187581485057
1192180181898858496
1192172405113925632
1192161468361388033
1192156696132472832
1192122615852412928
1192110034869731329
1192109748306546690
1192109307032158210
1192109147753504770
1192109078513963008
1192104845047664640
1192104603233345536
1192094858724487169
1192081697547968512
1192080283849437184
1192077825769164800
1192064903189868545
1192063771130421249
1192063740683988992
1192040544068870144
1192037388203307008
1192030113136873475
1192024292021723137
1192022957360648193
1192022048790503425
1192021427567955968
1192020548982890496
1192017962733060097
1192017488952930305
1192016618576130049
1192011299338772480
1192002788299071488
1191975340798808066
1191969395234549761
1191968231646470144
1192585627587502080
1192583971273662467
1192582020767068162
1192574971341688833
1192574882791514113
1192570161049559041
1192562588544118786
1192560707621081088
1192559172862332928
1192558485822746624
1192557741446963200
1192550560223903745
1192535143749160960
1192517826210344960
1192480580891488256
1192462052029325312
1192452436784492544
1192445822547484672
1192432811308933120
1192417955822407680
1192410846774870016
1192403025115123713
1192379904987475969
1192370262425194496
1192369872023498752
1192369708831522817
1192368794863357952
1192937689298952193
1192924956046299136
1192886981723918337
1192850121588908037
1192828901996843008
1192823315141926917
1192821991520247814
1192814426476482560
1192813631056031747
1192813190511579138
1192812266539962376
1192787955561222151
1192787615625482242
1192782154608128000
1192775272409419776
1192757732811661313
1192751003952656391
1192736826433376256
1192717634799882240
1193207620997275648
1193134041815560193
1193128224391401473
1193096988180570112
1193083791683858432
1193662849945616385
1193544156154597376
1193504780569722881
1193488188230291457
1193483601255583749
1193465472500584448
1193877870034247682
1193872927877484545
1194736620513177603
1195295993891151873
1195766247901814785
1196097877514313734
1196081890542919680
1185299919718014976
1185261916542910466
1185246600899256320
1185203329913282560
1185194585275932672
1185192955755282433
1185187738775183361
1185176744917196805
1185142615861354496
1185122910639415296
1185096331691528192
1185078279860051968
1185077735892439040
1185661838735958016
1185627702629470208
1185606534233055232
1185587340934336514
1185577277653950464
1185536902419697664
1185529538723418113
1185523563908030469
1185515578292932608
1185512116910018560
1185458946141765632
1196762313468059648
1190407710212272131
1190385566996746240
1190371854776700929
1190363584993398784
1190307846258384896
1190286813186969600
1190226890004541441
1190217117360119808
1190196980963848193
1190187906603913216
1186005246461513730
1185997391591366656
1185974637571776518
1185968887994695687
1185940308133105664
1185920607646572545
1185897090855194624
1185878459966541824
1185861160664481793
1185859010249084928
1185835668934680578
1185806874739953664
1186365350633463809
1186310348669882370
1186262554575867907
1186261160389165056
1186241133237723136
1186226140240863232
1186197785521131520
1186746510031163393
1186668206318063618
1186631231255056384
1186613637647159296
1186606861375692800
1186543488323768320
1187059811948617728
1187046863372980224
1187042678015451138
1187005588481466368
1186973875848040451
1186956969975996416
1186948119768059906
1186936325167112194
1186903743322906624
1186890894726909958
1186880810588213249
1187466056232620042
1187465394459561987
1187459275746099200
1187418157390204931
1187400678811099138
1187375395827523584
1187368700053204994
1187364848511926273
1187332736844992512
1187327311424737281
1187284878393593856
1187253481620549633
1187252298650660866
1187834273933463552
1187813765896646656
1187803454418444294
1187684809713344512
1187683653456973824
1188191579749670912
1188175222026973184
1188146233413689346
1188066594603307009
1188037981602492416
1188013207031558145
1188004554400509954
1188594140579106816
1188552378204741632
1188545434375077888
1188529643852324866
1188516876525166599
1188479692812312577
1188477595807113216
1188475383500410881
1188448186668666880
1188415344488173568
1188394637964271617
1188392742092713984
1188366691434221569
1188942007080759297
1188939551072501760
1188886824892227584
1188844148155133953
1188758866626039808
1188751836330758144
1188736095594467328
1189292462520635394
1189286717922201600
1189280222232887297
1189269289003634689
1189247236942843904
1189177006144901120
1189122700670832640
1189115117029470208
1189106074760175616
1189097127839965184
1190695679364128771
1189649350957445121
1189644611632992256
1189617961558073344
1189586627200536576
1189553166515425281
1189484082704592896
1189473295378403328
1189473012086640640
1190040898807193603
1190022162226302981
1190011783513292808
1189987727607050240
1189939488878923777
1189925991742918656
1189919481268715521
1189897632564613120
1189885220222328834
1189839300462034944
1191061851192397825
1191045604182503430
1190999594064322560
1190999166572355586
1190993393377325056
1190935656605896705
1190928594916323328
1191470740920586245
1191404236787134464
1191401428558000129
1191375674524753920
1191838501043617792
1191821261904715779
1191783475818442752
1191763133091717120
1191762476993581056
1191699879657164801
1191677712668213248
1191674370181218306
1191646223083745281
1191641344885821440
1191639475543252992
1191635473153888256
1191513192473800706
1191512698116292609
1192175676817846272
1192174746978394112
1192168147278798850
1192160412579614722
1192127020429430785
1192105183720947715
1192096190755745794
1192085199703687168
1192040972735143936
1192015928894087168
1192004215935315970
1191999201820975104
1191980520449679361
1191979807938093059
1192569476174303234
1192552099319615488
1192536538032361472
1192518759942107136
1192474957336457217
1192411345418932224
1192376454857797632
1192340128561324032
1192338661200846848
1192336044663934976
1192335422887727104
1192939179140882432
1192905627099713541
1192881293484331009
1192874141923328000
1192850743767769088
1192825800556470273
1192812113519161346
1192807431904071680
1192792707179143168
1192783663487967232
1192779183958700033
1192769456768004096
1192737407390638080
1192725079169347585
1192595540804067334
1193662099655921670
1193660221429866497
1193652891791134720
1193617372021743625
1193615970138492928
1193614966244302848
1193604653101002752
1193595135516463104
1193589509264478209
1193589485214347264
1193587130720817152
1193585398733312001
1193585315656740864
1193585295473750016
1193585283066925057
1193585248824631299
1193568983104012288
1193568089268531200
1193568075385171968
1193568031772991496
1193554107992334343
1193553820409892864
1193553794422001665
1193547047850446848
1193546985678225408
1193546965415538688
1193546814101839872
1193546800545894401
1193546685038895104
1193544088550809600
1193530185544556544
1193529507954806784
1193529426962763777
1193529405106245632
1193529354782949376
1193523342495621122
1193523331326205958
1193517305868804096
1193512327108333569
1193512260435619840
1193509539586478082
1193509504165515266
1193509402747293701
1193509140490047488
1193508087791063043
1193494725711581184
1193494393510154248
1193494300467900418
1193492159736893440
1193488515042021376
1193488486235615232
1193488353079025664
1193484530281259008
1193484483217043456
1193484454498652165
1193484441668268033
1193484426921021441
1193484387763019777
1193484344423256064
1193481501318504448
1193481434280976394
1193479243277094913
1193479143519862784
1193479105523716097
1193478907091210240
1193478887214342144
1193478759183204352
1193478683706712064
1193478612730744832
1193478455733768193
1193478432170086401
1193478330722521089
1193478219405631488
1193478205073756160
1193478191832322048
1193478181455577088
1193478167123648512
1193478150732361735
1193478123855200257
1193477860998176768
1193477846683078656
1193477829075308544
1193477817520021504
1193477318792155136
1193476355318525952
1193476312406605825
1193476272824958977
1193476228826750978
1193476088963502080
1193476072656056320
1193476023838482432
1193476004649619459
1193475988488904704
1193475972957388806
1193475955181920256
1193475936148246530
1193475913243144192
1193475884591828993
1193475868053704706
1193475808632942593
1193475794435215361
1193475780292096000
1193475701472669696
1193475676814368768
1193475659202473985
1193475645466132480
1193475588092248065
1193475568999829504
1193475555661889537
1193475516038336513
1193475489647726592
1193475459654279169
1193475433041420289
1193475347200839680
1193475334907334662
1193475307589849090
1193475288946085888
1193475190988169216
1193475138257399808
1193475126769131520
1193475113154482176
1193475094884048896
1193475084809310208
1193474907188944897
1193474861047406592
1193467829841989632
1193467619124363265
1193466816481374209
1193466687695261697
1193465109991084032
1193463785702313985
1193445147909988352
1194030327599161344
1194030232799461376
1194017945732681728
1194017856897376262
1194015248510078976
1194014236353159168
1194012410325196802
1194011313502146560
1193994800720220161
1193994279145951232
1193989167241453568
1193979226774523905
1193979119463260165
1193978544143110145
1193975916021604356
1193974715133710336
1193974527732133888
1193968380551843847
1193965857476685824
1193964763413397504
1193964410563375106
1193964328594137091
1193958738958454786
1193958646578896898
1193958620272234499
1193958567243636736
1193958472351698944
1193936926283378688
1193934484091154433
1193925995042095104
1193925664392581123
1193921302639329280
1193920546603520001
1193907424438210561
1193907090013741056
1193906683518554117
1193906561716047873
1193906532255174656
1193906505700921345
1193906397081198592
1193888551966040072
1193888230573297667
1193887758940549121
1193887718834610181
1193887673724874752
1193887648756174848
1193878307160444934
1193878286536974337
1193874986362126336
1193874955605295105
1193874940258332673
1193874784561647616
1193874713212260357
1193874661215539208
1193874641313513472
1193874621960986626
1193874446307733504
1193874400354938886
1193874373821775874
1193867609931956225
1193863259465637894
1193861564065034240
1193860857324855296
1193860315550760960
1193859980774068225
1193848087317401600
1193837371315408896
1193835247806427136
1193835177291718662
1193805339088609280
1193805274311778304
1193805158427320324
1193805122171809792
1193804797457162240
1193804683896377345
1193804601750892544
1193804584478760960
1193804543982809088
1193804502329102336
1193804483580612608
1193804379037585411
1193804339351113728
1193804290340638721
1193804257901850624
1193804152633221121
1193804121612132353
1193804069393108993
1193804008839950336
1194220760602165248
1194220675633995782
1194202808108630016
1194202754018922497
1194202530944815104
1194202510338207744
1194190062830915584
1194182473552420865
1194182461489590273
1194182389150474240
1194182214214389760
1194178599374462976
1194172071196155905
1194162229458931712
1194161652649922560
1194156481010159616
1194156250403086336
1194155676341297153
1194155003923124224
1194154358868447232
1194147633553641474
1194092657401827328
1194092443970486272
1194092394867838979
1194092303629144064
1194092282108088326
1194091860135993347
1194091644691341312
1194091207003115520
1194091189529649154
1194090975305650176
1194090871437844480
1194090065368092673
1194757674451247105
1194740612194537473
1194740588454830080
1194740571493060613
1194740483089666053
1194740464953495553
1194740451863126029
1194740434465148928
1194734144363864065
1194717212369674245
1194715746393350147
1194709295604129794
1194704976653803522
1194704954923114503
1194697434930253824
1194697367309750277
1194697343863533569
1194685861608206343
1194683210137063426
1194682810130456577
1194677592776937472
1194669936041431041
1194666877634711552
1194661450951864327
1194660462174113794
1194655806827966464
1194642618631774208
1194638703156551687
1194633405570269196
1194633299760574466
1194633192621236226
1194633046776938497
1194632554894131204
1194632526737764354
1194632455866609665
1194632416083636225
1194621189676683264
1194605125744115712
1194604966834511872
1194604754544005120
1194604690983522305
1194602156483137538
1194601029695950849
1194600523938353153
1194599186093752326
1194595947025719301
1194574500135886851
1194565106769813504
1194559544715821056
1194542702643339272
1194530296303144960
1194530089339424768
1196195297606750208
1196193456550531073
1196190915628609537
1196190188319510529
1196189520137461763
1196185964365918209
1196184242822287361
1196181002919514116
1196180816419852288
1196180666053992449
1196173061852213254
1196172787418849281
1196172636021243904
1196172599757299714
1196166804793626625
1196163387979423753
1196163248665636864
1196156349090062337
1196156145406230534
1196156011003949057
1196148499110227968
1196141977890443264
1196137338566561798
1196129217290866689
1196125406124027906
1196115791189557257
1196108526919262209
1196106674328817666
1196105352003104769
1196098051900874761
1196096986006601730
1196094382698573826
1196085009888743425
1196080376097202176
1196080288356610050
1196077653243179008
1196067229680513025
1196067188760813568
1196067090085498880
1196067053783912448
1196062950609567744
1196058946160726017
1196053933610979335
1196053888836739072
1196049248837668864
1196046192377040896
1196040655887310848
1196039172156534785
1196033219990368258
1196025955350908928
1196023937832038401
1196015213633507328
1196012720895799296
1196568687035265026
1196568505665101824
1196565275350577152
1196562460813201409
1196560781061562368
1196558607053152256
1196556810376884224
1196554819001110529
1196553920245571586
1196541589579010048
1196537800839094272
1196535563135963138
1196535412954685440
1196531366525059072
1196524535404736532
1196519704329965569
1196518940618313729
1196515704268349444
1196515704264183814
1196515565873115142
1196506911715164160
1196503462399361029
1196502886508879872
1196497880539914240
1196497860092661760
1196497831860801538
1196493271381336064
1196489827912495104
1196484091035688963
1196483404633690113
1196483362455728128
1196479498033803264
1196474555491127297
1196468608601247753
1196468442624335872
1196460811792859141
1196445245216477185
1196445052182188033
1196445046188511232
1196445006212542466
1196444988118388739
1196431625812361217
1196431428868853761
1196430685583691776
1196430671041970181
1196430592642080771
1196430573885149184
1196422883721043969
1196421936961802241
1196414429249835010
1196414151993757696
1196413581652381697
1196413539637964800
1196406498093600771
1196406452203728898
1196402957891391493
1196402914530615296
1196402872512057344
1196402839955873798
1196402806460157953
1196402776085012480
1196391839730982912
1196391425174315009
1196391382358904832
1196391335521112065
1196391322984300544
1196390245677314048
1196390211879624704
1196390162684694528
1196385923979776001
1196380389004185605
1196379992277606401
1196379886799200256
1196374409076002816
1196369120784191489
1196369080200159233
1196369049325670400
1196368930203471874
1196368876092710912
1196368832731979776
1196368805380993024
1196356743678320640
1196356168253358080
1196355789855895552
1196353756084002816
1196351555861143555
1196350585223680000
1196349206140723200
1196343437789999105
1196792843085504518
1196789985023795200
1196789953365188608
1196789119789273089
1196789105306357762
1196789079406514176
1196789025719369729
1196788952084164608
1196788890713120769
1196788857720778752
1196788771854934016
1196788675750825991
1196782482680688640
1196782391408447488
1196782255995273218
1196782065204772864
1196781932211851265
1196781815454949376
1196781572554407938
1196781102662344705
1196780792468377600
1196780464947765249
1196779989179482112
1196778859275988993
1196778218331803649
1196770428502659073
1196768847090659328
1196768811304804358
1196768780447301632
1196768763208704000
1196768754627158017
1196768733156532226
1196768723580928002
1196765009520594954
1196764976498778112
1196764822819524608
1196764814162432000
1196749283598487554
1196734649327915009
1196734623297998848
1196728614202556416
1196727744597544967
1196727632202752000
1196727596458926080
1196727564036902912
1196727526934097922
1196727482285805568
1196727426866434049
1196727365990260737
1196727258729324544
1196719709531582464
1196715993218850818
1196704792766242816
1196704245891899392
1196704230750507008
1196704218096242688
1196696820472254464
1196695176338690048
1192209755277791232
1192209753482633219
1192205156106080262
1192205058533920771
1192181610394853377
1192180536732729344
1192180504109469697
1192175790198284289
1192939397450256386
1192939379645452288
1192938201595424775
1192936894855823360
1192925792365424642
1192924317681692672
1192921536287715329
1192916257588293635
1192916042718359554
1192915995595280386
1192915915932864512
1192915706469404678
1192915599401328641
1192915526936387584
1192901817899855872
1192897660379906055
1192896422410149888
1192894721569492992
1192894157569888256
1192893800739475457
1192893207752916993
1192892729996513280
1192892206824251392
1192891406639075328
1192890653375631364
1192890182070153217
1192889660432879618
1192888190648107009
1192887707401379840
1192887321554833408
1192886787829571585
1192886022671130626
1192885273752952832
1192882868906795009
1192882608633524224
1192880366815592449
1192879345255223297
1192878429949042688
1192875207863816199
1192873725676474369
1192873714641178626
1192869924089274373
1192860256927461377
1192860227995131910
1192859368380870657
1192859331638771713
1192859309463474176
1192859286281605120
1192859199610507265
1192857376262631425
1192850436849582082
1192850303323983873
1192842937299812353
1192841152275394560
1192841142829768705
1192835951837503488
1192835924306120704
1192835910712385536
1192835897596809217
1192835882837053441
1192835847470690305
1192825658474405888
1192825543147827202
1192825391334993921
1192825260485296133
1192825170802675713
1192824986802753536
1192824556282679296
1192824542533767168
1192817411428376578
1192817397088079872
1192807795080531969
1192807707272765440
1192807694014599171
1192807677572853760
1192807657108889600
1192804213287350273
1192797783528550402
1192797737613434885
1192797692730232832
1192797659612041217
1192797631484837889
1192790484013465601
1192789228595417088
1192787816322875392
1192787166423920641
1192783589970198533
1192783142459002884
1192783094551592972
1192783050981224456
1192783023684628481
1192781857156476928
1192777730607194112
1192777703184838657
1192773751395569664
1192772019412189189
1192769725945860096
1192762577857724416
1192760909128753152
1192751926179434496
1192751477044973568
1192751039767863296
1192750372651257856
1192750035064311809
1192748871425953797
1192748013447454721
1192747755615244289
1192739146927923200
1192739116825350145
1192736194360172544
1192732470787166209
1192732366109913088
1193221931018997760
1182438527616856065
1182375672481832960
1193572356784087040
1193520453391925248
1182750471754338311
1182744028191825921
1182655191990128640
1182634729406976000
1193942073646485505
1193939226385092609
1183146664217010178
1183040694358872065
1183499425085345792
1183472211908268035
1183409047430746112
1194757314353487872
1194719443512942592
1194677119412031489
1194633188099805185
1194604943577096192
1183874120771084288
1183852546357633024
1183825234618736645
1183792589209788417
1183782998078087168
1183727599866056709
1183727215734906882
1183711686240456712
1195093174408101888
1195051647078141959
1194988947560161281
1194929834264154112
1194925959612436481
1194916757976363008
1184244803325911041
1184222650299760643
1184221141189218304
1184211940274593792
1184110946706440196
1184094320892284929
1184094283688747008
1184068497338458113
1184016624921337857
1195365808156921856
1195359559319195648
1195356599092727808
1195342514695409664
1184598134195965952
1184580943748763648
1184576274083266562
1184576260141436929
1184560409493360640
1184536423233404928
1184511478243745793
1184502041714069505
1184485403711234049
1184437056279400450
1184432956477247490
1195843445413335040
1195784039233392642
1184971843125567490
1184965753612722176
1184964084833406976
1184961287295569926
1184956142100856833
1184875487648202754
1184781690486579200
1185289420410441729
1185260927781871617
1185259422882418688
1185258145704222720
1185237863371288581
1185237861748105216
1185237858195509249
1185230847898800129
1185229136597569545
1185191446221078528
1185154715878940672
1185671998141280257
1185641910368636938
1185637689162424323
1185634296763166720
1185564787385786375
1185546137530486784
1185498563633131521
1185485794913464320
1196787388070158336
1196784567966932993
1196769584864473089
1196716646280368133
1190319766294151168
1190208418142916608
1190062228218753025
1186018219280273409
1186014141351387137
1186006742041354240
1186002253372690433
1185997463343243265
1185994232386994180
1185979496182272001
1185977301172916230
1185973292764672000
1185929542969503744
1185902236221751296
1185886843071545344
1186379149650354180
1186342678545469440
1186333692190433282
1186216136414846976
1186214706555637760
1186767553957380096
1186723110587904000
1186636626782572544
1186624874212712449
1186591441109344258
1186591439075061760
1186591432234209280
1186582972314587137
1186579310888542208
1186562869380505600
1186561363986079744
1187150387779952642
1187148284055490560
1187147126125584385
1187012497489956870
1187010770607005696
1186984661572096000
1187476625421688832
1187440160117612544
1187436044406407169
1187401096098136064
1187366574753234945
1187354834720247808
1187336859900403712
1187807743115223047
1187755471475789825
1187710879950921729
1188210162663862275
1188207180782166016
1188189995972120576
1188186497343770624
1188171519307997187
1188171120664629248
1188162939917930496
1188557407808638977
1188529141831868416
1188498428332052480
1188453995926474752
1188402682291245057
1188392661486637056
1188847195262468097
1188838114774716418
1188837539261620225
1188832323032236034
1188811392792649728
1188798850221383680
1188780183890911232
1188765539637833729
1189203462522900481
1190658815903064065
1190647793481895936
1190643552189063168
1190565556811976704
1190564651408527360
1190550746011521024
1189681715809263617
1189659590461476867
1189652910059278336
1189635396252160001
1189634231523299338
1189622565347704834
1189535601973964801
1189535516506628096
1189535372377841671
1189524866833309697
1189524700755566593
1189524492231557120
1189524287352426501
1189966607952629766
1189847185782923264
1189833978917855232
1189811654046949377
1191088398943031297
1191085059517952002
1191072474848468993
1191072255192776706
1191044330829598721
1191003072153182209
1191479199380496384
1191477557553762304
1191420646741467136
1191420581679382539
1191405055343316993
1191342987466424321
1191805233770500096
1191765479284711430
1191761612664954881
1191736439110852608
1191716863060955136
1191680688845664261
1191640938906628096
1191515582312656896
1191512809437302784
1192163626536316929
1192146908560662528
1192082275263025152
1192051359551574016
1192048213957718016
1192032890613313542
1192011810624421888
1191890923094970368
1191889996468412417
1191889430447108096
1191889028578205696
1192473543155617792
1192468816502099968
1192421146517540864
1192393135290290176
1192936646725001222
1192871809215021056
1192858865064394754
1192852281554800643
1192849188683468800
1192834354617241600
1192804208736690177
1192787528228777985
1192773255700140033
1192760647559340032
1192740296204922880
1192739662365970435
1192724392217890816
1192722682753769472
1192720732293341184
1193289134594498563
1193288052220801025
1193677098046631936
1193674970938986497
1193619833906180097
1193487984798113792
1193483420128751617
1193461505024569345
1193861446360285184
1193685260535566342
1194306814235598852
1194297378150518784
1194294976542334976
1194292328313344001
1194255783271260160
1194667301032869891
1195006417201254400
1195329240260120579
1195688359332646917
1196007793532256256
1196508033175707648
1196401548655579139
1196799468961705984
1196700225999712256
1190401641670987778
1190383498126856193
1190353283178749952
1190345704453165062
1190338106559479809
1190330007375273987
1190322132280127489
1190317056475979779
1190307390794747904
1190304879358742531
1190289011090300928
1190272724813393920
1190237341614514176
1190227286852812800
1190202637397975040
1190059572242927625
1197258159607484417
1197256005291261952
1197611903796875264
1197609171027410944
1197602831928381445
1197591309030187008
1197469507385745409
1197458399983816704
1197884512690151426
1197842953898725378
1197818135904161792
1197796431840600064
1198313468711067648
1198698784726929408
1198625850540867585
1198575459967090688
1199016925482901506
1199014325400330240
1199011485151891456
1198979478204096513
1198898041765482497
1190719361587318785
1190697151879401473
1190692105653501958
1190688249779544065
1190684206290161665
1190677649909256192
1190666130073018368
1190658532812697602
1190658120244170755
1190595629917057030
1190591857966886912
1190574492436893696
1190570542262345735
1190552066294460416
1190547831624523777
1191098614451445770
1191056995115253761
1191050703692804096
1191043167010926595
1191036957666807808
1191023735366717440
1190988147066310658
1190956924793167872
1190942685164638208
1190930027728297984
1191499821816922112
1191492894189854725
1191491837560868869
1191487872722976771
1191487123033071616
1191485706042007552
1191483126918320128
1191480671342080000
1191477044628131840
1191475897355952128
1191473587124879362
1191469212675592193
1191467370969272321
1191466692301459458
1191456467825635328
1191413391614775296
1191290747527540737
1191841752950411271
1191819372148527106
1191817120386035712
1191810432023060485
1191779867437735937
1191777220861267968
1191775444548370433
1191773308246736897
1191769443145265153
1191767499626500096
1191764945681162240
1191752184041558016
1191694168353116160
1191690470201741313
1191618925655658496
1191528293163507712
1191515946567028737
1191507271056015369
1192227209588723712
1192226201986895872
1192222188860051456
1192220455211536384
1192200797108494337
1192200394174353409
1192199312433983488
1192183845786988550
1192182609276809216
1192180810079723520
1192176600697229312
1192148473749155841
1192138951420731393
1192135354683449345
1192131824543252483
1192130009068118023
1192124970077425665
1192123141637705728
1192120345890840577
1192114811313774597
1192100383986012160
1192057230742478849
1192046750443458562
1192021158750818305
1192014106498387968
1192571394896416769
1192553437583618061
1192548997753450510
1192535075608547330
1192505176625729537
1192503310412079105
1192493955012792321
1192488765631213573
1192485981934489600
1192477095131267072
1192407851454607360
1192399135938433024
1192386644592205830
1192233519663202304
1192937405013274624
1192929922186121216
1192924487253188609
1192922306894532610
1192869076391124992
1192861804231311363
1192857334911000576
1192855718719873024
1192851566237224961
1192848655235063808
1192841678664720389
1192839738149031947
1192837467398950914
1192834285490835458
1192826505774223365
1192770831048466432
1192765312015503360
1192758405779382272
1192755781407584256
1192753139574804480
1192750428292886528
1192748393505923073
1192711816239079424
1192710322827726849
1193272163417100289
1193229877857673217
1193163919201906688
1193678088472846339
1193668261843525634
1193574098208776192
1193528299630268416
1193521044897894400
1193903035019386882
1193872482316537856
1194212013859332097
1194682945925271552
1194674111122956288
1194609881854205958
1195051278281379841
1194973695275667461
1195421669856284673
1195335485129969664
1195334972955144193
1195639268561084422
1196086755683917824
1196085151635312641
1196536982064771083
1196455965924757515
1196381290360123393
1196380004957016064
1185601681377169408
1185601073207218176
1185582240065118209
1185558968078422017
1185558529496768513
1185557684860395520
1185555867191648256
1185555651034013696
1185519535920762880
1185484103677816832
1196750026195775491
1196749833077432320
1196711456751927298
1196682952911966208
1190371937828134919
1190371921390690306
1190371868743806976
1190371746790203393
1190371701135155200
1190309165702537217
1190300156849205250
1190299777289859074
1190297879937798144
1190296904514654208
1190288662715650049
1190176451905118209
1186013297037975554
1185997966240301057
1185997932904046595
1185928551662522371
1185927897435037696
1185905742932598795
1185905638959915008
1185893629010821121
1185892842746580994
1185892253153353728
1185891371569307648
1185853878035767296
1186398987177345030
1186383056367734785
1186350184432844800
1186348185024905216
1186348166158925824
1186348151214620673
1186348135066619905
1186251551712653312
1186240252253560832
1186213027005239296
1186751519011606529
1186750417830662144
1186750269989752832
1186716784315027456
1186650207460757510
1186631513573642241
1186608086200569856
1187096078505709573
1187049492211781633
1187047613616537600
1187046980800991232
1186953949133398018
1187476398451019778
1187476012973477891
1187475982090788866
1187475946724454406
1187475908644311040
1187475826029158400
1187475794890641408
1187417195745304580
1187391337844355072
1187387915237810178
1187381325415747584
1187330285303746560
1187318437137305600
1187287860183011328
1187744407644180481
1187683849469382664
1188094073363668992
1188069277494059009
1188068211083939840
1188040327506071553
1188522468677341184
1188522449673080833
1188450953814564865
1188447986092855296
1188417275432488960
1188372580778024960
1188372400557170689
1188366219201728512
1188916182927204352
1188916160122757121
1188916140543795200
1189313753680089088
1189313717848154113
1189286141507309568
1189268669387415552
1189238072384331777
1189202502199238657
1189200995999539201
1189164935999307782
1189149122097549312
1189146749572714497
1189094072562208769
1190653691453464578
1190651171897270272
1190650624196710401
1190650135170211841
1190649671317938176
1190604329419448320
1190569308293943299
1189673792437735428
1189660922563969024
1189615734990786562
1189615706524061696
1189608354445967361
1189564548916883457
1189564278568816640
1189564234641936384
1189564204774313985
1189564011546845184
1189563640401334272
1189563121133899778
1189549233881440256
1189541123733311490
1189467028123459584
1189459011600560128
1190049921786929154
1190042551740510210
1190039590284992513
1190037324811395072
1190032812667224064
1190030639279554561
1189986815610101761
1189912073716846592
1189909687887683584
1189904350967214080
1189903565491445760
1189902968667222017
1189861951234543616
1189857949491052544
1189841728586563585
1189837800729907200
1189808213304205312
1189799939490103297
1191047626503991297
1191047612964753408
1191047596997062656
1190991437552373760
1190983465883316225
1190981978855743488
1190903837088980995
1191503921954611206
1191496730522595333
1191496121161601026
1191475001490366464
1191474968900579332
1191473136887357440
1191473097599279104
1191472738885652489
1191472722511093760
1191472684674236417
1191465842296475650
1191416794248097792
1191413651590328320
1191379041443561472
1191372270079479809
1191284691426516993
1191813255364259842
1191813241221140484
1191813216319488007
1191712241038643200
1191712140157169664
1191670733019209728
1191627923352104960
1191627783321075712
1192049265599754241
1192049170900799488
1192049110301499393
1192049035659677696
1192033512934821888
1192008827383758849
1192003598504386560
1192001257256488961
1191998636818882560
1191976360073474048
1192586256783462402
1192586238278209542
1192586180648472581
1192586000880619521
1192582342575108098
1192582316272607232
1192582243564367872
1192582203680677888
1192582174207303680
1192582019773063168
1192582001251012609
1192581935836598274
1192581766072143874
1192581714721361921
1192537660251873280
1192485603419574272
1192936644527165441
1192922956487430145
1192922618933985281
1192922477451718658
1192887535510466564
1192885299971608576
1192876544353619975
1192863113877561344
1192814037123391489
1192781321812238337
1192774299385548800
1192773807305568257
1192730825751744512
1193171848021905411
1193119767739207680
1193112628354265089
1193097184482344961
1193661657953624064
1193661233762684929
1193660231529594880
1193624631518941191
1193617773580165121
1193617174394548226
1193616948548063232
1193554041118310401
1193523871066021888
1193509426952585216
1193509383466102784
1193509269083168768
1193499885233999872
1193497373235908608
1193492158034124801
1193492121694670848
1193492098110107648
1193492038974611458
1193473798370185216
1193464663721295872
1193463284348768256
1193461891693084672
1193460702809411584
1193455773990436864
1194021603731836928
1194020515473526784
1194004699244044288
1193989848190902272
1193988964555935749
1193982273705709568
1193980747553689600
1193973990198562818
1193953453992595456
1193952644865220608
1193951001990090754
1193947842819346433
1193941330076061697
1193934528265564160
1193927265291292683
1193926229059145728
1193911402001522689
1193893703561158659
1193890027333443584
1193890009675436032
1193889115953123328
1193878256564482048
1193878138742280192
1193868213316026368
1193868101122527233
1193864548605997056
1193859650556444672
1193859636761415681
1193840509996937217
1193827687846096896
1193827555477987328
1193826614116679682
1193824362756861952
1193823192655134721
1193821096438464512
1193818260132597760
1193817494244360193
1193816851978932224
1193814885156540416
1193812911451303936
1193806259901911040
1193804998737612800
1193804562907443200
1193804257843130368
1193801359679729664
1193801077394726912
1193800206845980672
1193799278856200193
1193799046017822722
1193798880506339328
1193796560481595392
1193796177537519617
1194217071879565314
1194215371483631618
1194201669023805440
1194201617387720705
1194163590615437312
1194734195886583808
1194731025194053632
1194729006823694336
1194716842813771777
1194692807996452864
1194667909924216836
1194595822299680768
1194544004643381250
1194543543475298304
1194542376426987520
1194541019255074816
1194527404112437248
1195029520514011141
1195006746525405184
1194990670190133248
1194959627798102018
1194937863978262528
1194909690636984320
1194897892428918785
1194895748338536448
1194893467207507968
1194893348718436352
1194893156795453440
1194892800439078912
1194881578197028865
1194881028101476358
1194880534603808769
1195418265746657280
1195414625703153664
1195413012527681536
1195401306485198848
1195376971846430720
1195375817238466566
1195370440069390336
1195369314439880704
1195366733252644864
1195365659410124802
1195364784520216577
1195357717801644032
1195346086317219840
1195345704593559552
1195338297217822724
1195338206767722497
1195338186807021568
1195336920521416704
1195334605668257794
1195327855963586560
1195327454279282688
1195324481025323010
1195316504302170113
1195266836083818497
1195264651124035584
1195264252547747840
1195264158691934214
1195263571799597056
1195248080590901248
1195247471997440005
1195690607433400323
1195680967354134528
1195679953100136449
1195679063144308736
1195677937351172096
1195672444159365120
1195671240754810885
1195608400966631425
1195602554203385856
1196188029108523009
1196063877827584000
1196046395058376706
1196034602718109696
1196033983735316481
1196032502995062784
1196031832254492673
1196013426637754368
1195992071431184390
1195979544299261952
1196513657200562178
1196501180274401283
1196481066451767296
1196412574104981505
1196412403958898688
1196411062096138240
1196411036213100544
1196320259046813696
1196787912748228610
1196781128683679744
1196780498258759682
1196779778524602369
1196779518167404544
1196776962531958786
1196769889073192960
1196769119103836161
1196719765231792130
1196717227728236546
1196716108989919232
1196711185883652096
1196710908002754560
1196708458126381057
1196704562830303232
1196692659223584769
1196692418432765953
1196691548492255232
1192228736638291968
1192227490372161538
1192227336420233217
1192211333023969286
1192211079058857984
1192210768122372096
1192209220059291648
1192206869244235776
1192203241246867456
1192202953643266048
1192202634096046080
1192201086284652544
1192197418416295938
1192196758031536131
1192194216245506053
1192192559214419968
1192191911907516416
1192190625199935493
1192189292472393729
1192187902425489408
1192187129536958465
1192185363437170694
1192181638102429697
1192179460138840064
1192176030619975680
1192174936590303234
1192171380193841153
1192170669292892160
1192170619753947136
1192160187974443009
1192159290137530369
1192157070616694784
1192155411995979777
1192154556626423808
1192154370307002368
1192152507415289856
1192151397778636800
1192148397819478017
1192146993834913792
1192145857191104512
1192144222272376833
1192140272320294913
1192132709893709824
1192132676041490433
1192131368043581440
1192131366772727811
1192130364506038274
1192126699699392519
1192117407680212992
1192116834268565504
1192105487279493121
1192103153866563586
1192100963772981248
1192095530446401538
1192083547143725056
1192081582208823296
1192079446536151042
1192078427366383623
1192077055300530177
1192076135003148297
1192074010130972672
1192073261749682176
1192071551778086913
1192070203019939840
1192068932246462465
1192067618481393664
1192064329085906944
1192061836159414273
1192060573665464323
1192059000042463232
1192057991706693632
1192056360285945856
1192055690816376832
1192054042610032642
1192052854040793088
1192051425616039936
1192050243237564416
1192047072184356864
1192044524551454721
1192040948609384448
1192039679471714304
1192581549084073984
1192581084774621185
1192581049961893892
1192580987718447107
1192580626987110400
1192578519227699202
1192574821009260544
1192571290223120386
1192564587691773952
1192563026135670784
1192560757763903489
1192559604397248512
1192558695709696000
1192557662988328960
1192554369868124160
1192553807076458496
1192551028710723584
1192550648291528704
1192544550260224000
1192540710869831681
1192537688555040768
1192537618535370759
1192535408694956038
1192535202473660416
1192533569563955200
1192530643797860353
1192529772477341698
1192528445156347909
1192527843831496704
1192527434756829185
1192526031405637632
1192525713292713986
1192525623568166913
1192523665193107456
1192521777504636928
1192520843600908288
1192520030908321797
1192519357076627458
1192517220284321792
1192516370358886401
1192515756644126720
1192511584603492352
1192510621910093824
1192509998145798144
1192509382417739776
1192508568261423104
1192507405457743872
1192506438687453184
1192502529113939970
1192493867980992512
1192491159123374081
1192480013054029825
1192476045489905664
1192464002162548738
1192463400472846337
1192459063818362880
1192457567575916544
1192456335847297031
1192447013339709440
1192445065647607809
1192442439576875013
1192440384703492096
1192438004142366720
1192437245606629376
1192434542889406464
1192433389371920384
1192431117556539392
1192425767449300993
1192425449869238272
1192420350556016640
1192419842382553088
1192417987455848448
1192417626057773057
1192413466612682753
1192412739307757568
1192405974641971202
1192399305505755137
1192397276431425536
1192387106225754123
1192379250034302976
1192369915761582081
1192368378087792640
1192365939385192448
1192364037989789696
1192363611462742016
1192355338009370624
1192354793186045952
1192354452008816640
1192351118212419584
1192349449797951489
1192348868983300096
1192348319697317889
1192339996121980928
1192938738202091521
1192894506087022592
1192892356250353665
1192890754143641600
1192889906260922368
1192888330645409792
1192886780330070016
1192885856123514880
1192885192320376832
1192883512593932288
1192882176645201920
1192881442692321280
1192880464190529536
1192879978607566848
1192878733285179392
1192877861364875266
1192877255677972480
1192875855933890560
1192875137319591938
1192874664332124161
1192873770718883840
1192872561161338880
1192868337333809152
1192861375179186182
1192861255708663808
1192858426625478656
1192849480737075203
1192848793739374601
1192846341447331840
1192844475162333184
1192840225585876993
1192839866654109696
1192837185004810240
1192836761409466374
1192835799227813889
1192813057946378241
1192807705574039554
1192791078484824064
1192788490364190722
1192786801703784449
1192782454894948352
1192782196794224641
1192780133586726913
1192778955746467841
1192777773632196610
1192776650489921538
1192773836275507201
1192772822461898752
1192770776921001984
1192759096652554240
1192757323502104578
1192753905156919296
1192750986705690625
1192743810033430528
1192736949670469637
1192727657269608449
1192727632468725762
1192724249838006272
1192723676359221248
1192720243946340352
1192719093855637504
1192717926253518849
1192717427928420352
1192714446415773696
1192711196836806658
1192709596672077824
1192705197849616387
1192698550754430977
1193164379665158145
1193117891102695425
1193513619125874689
1182972842310361089
1183316643344195585
1183827869832753152
1184478915819122690
1185279559861710849
1190318641130147841
1186729654276767745
1187463124494049281
1187348050878107655
1188124144816267265
1192910700852711425
1192645566146187264
1193669403629510657
1193650062502563842
1193514010454433801
1193513978699419650
1193502413753335808
1193502288628912129
1193502174115979264
1193502138502205440
1193502010701688832
1193501987398135808
1193501970167926784
1193501672565362688
1193501538297303047
1193497275835781121
1193497010097344513
1193494275574685697
1193494215080251392
1193491601617817601
1193491563319566336
1193491430599249922
1193491061366239232
1193490925697327109
1193490710047154179
1193490692250783744
1193490642531504128
1193490623355064322
1193486706915319811
1193486651995099136
1193485454621990912
1193485367179173888
1193481211026509824
1193478688949620737
1193478624722276353
1193468826773528581
1193468560728829953
1193468477018910720
1193466747824807936
1193460863715434496
1193455741002297344
1193455443038920704
1193423364959944705
1194001309663465474
1193951711355965447
1193931660229828610
1193865719190081537
1193864530918551557
1193863838954905600
1193859105594716160
1193847195000287232
1193846431079120896
1193827804439334912
1193822920268800001
1193820996614131712
1193818714061332480
1193815808054562816
1193811669308395520
1193811654385061889
1193811232089878529
1194206735323537413
1194193203785801728
1194184120663859200
1194152912961888256
1194733385379467265
1194712391856078854
1194657317310074883
1194610158355263488
1194583189265813505
1194578854721007616
1194543984212922368
1194543017744580608
1194542669537718274
1194537025304707072
1194535907073888256
1194534680579715073
1194515657745940480
1195068754620829696
1195055747693993984
1195023264755658753
1195001255913021443
1194998279848767488
1194987369952399360
1194968930164625408
1194967937997791237
1194954843120685056
1194927003587301377
1194909949689774080
1194902565999325184
1194901349122617345
1194901272714981377
1194899941887479808
1194892857976479744
1194880540261912576
1195424734743273472
1195396363321786372
1195390919794733061
1195351712946696192
1195341701478572033
1195325260037545984
1195324639024730117
1195324380223553536
1195324156360962049
1195323771432906753
1195323580428488709
1195322993204965383
1195322506669936641
1195320017862217728
1195290288635498501
1195287419387555841
1195264971527077888
1195790258094428161
1195767788121534466
1195755527919357952
1195748025647296512
1195735379313340417
1195706559810195459
1195672036162576384
1195662453851541504
1195643134144925696
1195605603596603392
1196142011457396736
1196141055223177216
1196140949350633472
1196130221168177153
1196090105032781824
1196071065103093765
1196019270976770048
1196015398384218113
1195984262694162432
1195972850550788096
1196501869423661056
1196467672017489925
1196452800663900160
1196408507395985414
1196402446257573889
1196401466417799168
1196397975595048961
1196384768344121344
1196381783660609537
1196344857775747073
1196751262626275332
1196742754153517057
1196738882471108608
1196730800294825984
1196727813375713287
1192209984026816517
1192192179961303040
1192188731974979584
1192185447847546880
1192185133866110977
1192183130926526465
1192182170930073601
1192182129242902532
1192177333769326592
1192170400203100160
1192170000435621892
1192165793280208896
1192165550245453824
1192164390814044162
1192160437275709440
1192157817655967744
1192157386708008960
1192155071477354497
1192154834809577472
1192154326267023361
1192153682055438337
1192151718185881602
1192149721533558791
1192147886680805381
1192145927345233920
1192143397995384836
1192143320639791107
1192140490763898886
1192134195956633606
1192129480921354245
1192122197604732931
1192112010898608128
1192106234624823296
1192095803101323264
1192091385375207424
1192079622705491970
1192070001609596929
1192064689590673408
1192061750818029568
1192061527190331392
1192060231330729987
1192059822033821698
1192058633653239814
1192056908833796097
1192056716688539649
1192056399263666177
1192054978476748800
1192054271853895680
1192052830414266368
1192051562929106945
1192045950946152448
1192041674245124096
1192041423195066368
1192040295589961728
1192036657240985600
1192035459066712065
1192032406322208768
1192023768023076869
1192019670712422400
1192013334360547328
1192005603834630144
1192005316210307072
1192003841769836545
1192001657632120832
1192000433453240320
1191999050716983296
1191998329338695680
1191997546006233089
1191996585158283264
1191995344709652481
1191993932890222592
1191993122848460807
1192581882279415809
1192579151326306304
1192575714412974080
1192573664807530497
1192566947449323521
1192566417725497344
1192561852057890816
1192559593739767813
1192558859111616512
1192558611542814720
1192555842568171520
1192551313739005952
1192550008165404673
1192537642468093961
1192533969595748358
1192533796559708160
1192525136014053376
1192524216521900032
1192524182954938377
1192523923751161857
1192521742188724226
1192521737688227843
1192519810959192064
1192519511943122944
1192519189354962944
1192517876265172995
1192516382405074945
1192515856015777794
1192514773176537089
1192511735879684096
1192510954157879296
1192508591472820225
1192505559003664384
1192505165435297792
1192496324870062082
1192495613285412865
1192492496061898754
1192489665850486795
1192483451167002626
1192482732020027392
1192477614184812545
1192937889929318400
1192937591642836992
1192935168505499654
1192934374225960961
1192933805205737473
1192933717418938369
1192933620647890944
1192928783726071808
1192928692491751431
1192927944924106752
1192927828498624514
1192919486359310336
1192918204731006977
1192917533470449669
1192917029415731200
1192915392869601281
1192911959806615554
1192911732857020417
1192911338214973441
1192910198991659009
1192907418591793152
1192905511718588417
1192904043938664452
1192904030596546561
1192903856826540034
1192902356221988866
1192901662610010113
1192900730023268353
1192899449854533632
1192898584326352899
1192897617338028033
1192895637530071042
1192894207595335680
1192893824370200576
1192887919272505349
1192885492007747584
1192884904683606022
1192883975452151808
1192881055453327366
1192875809624727552
1192872385294282754
1192872225491357698
1192870481961066496
1192869938156969984
1192866548446351360
1192865092599209991
1192863541298180099
1192861210909315072
1192861171575132160
1192858988632772611
1192857864416714752
1192857260118216705
1192856958031802368
1192855359217717249
1192854667224604672
1192852553647771648
1192850731658829826
1192849615009320962
1192846332396015616
1192845996549648385
1192843895719247872
1192840766974021632
1192835176809807873
1192831335930499079
1192823498361778177
1192813397143957511
1192805349105045504
1192801888254738432
1192799783230091264
1192782737645735936
1192781109030993920
1192777153252921344
1192777132306575363
1192777101767774209
1192775075956699136
1192774518219198465
1192770057799163904
1192768694629421057
1192762705897250816
1192760890065653760
1192757722309156864
1192755733839929344
1192755606115037185
1192754658802098177
1192752679111540740
1192747624811634688
1192747329226465285
1192747316077367296
1192742849881751552
1192735005199482880
1192732259989827589
1192730239274758144
1192730016162955264
1192728491118268416
1192728149349535744
1192727150895489024
1192726530247548933
1192725067228168192
1192724160151248896
1192723329427394560
1192722764517511170
1192721654889222144
1192720628958269442
1192718900682579969
1192718644662419456
1192718621077856256
1192717476737568769
1192716357827252225
1192711679974498304
1192710921317212161
1192710156452352001
1192708982059786240
1192708443062329345
1192706500176818176
1192699776011317255
1192698746750087168
1192693009344876544
1192687443469688837
1192606504093995013
1193190152866324481
1193669228903239686
1193668810294910977
1193650601558773760
1193481864583032832
1193466018875752448
1193860989000785923
1193845069264101376
1194587215898324993
1195000910675632138
1194993246134517760
1194989224791085057
1194983547280515073
1194968952843231232
1194944840921964544
1195320889417633792
1195654239718137856
1196074648192069632
1196421679922188290
1196388391874678784
1196706872583229441
1190408080883945478
1190403607981674497
1190395204815216647
1190391281895268352
1190385634415955968
1190384993635315712
1190372764882014209
1190361771263041537
1190355788390453248
1190353301000335360
1190324538971688968
1190319744282439680
1190294749254705152
1190283785889337344
1190269783478022145
1190246103293276160
1190241690780651521
1190221370707324930
1190217992086392832
1190194675099025408
1188154775394758657
1188148452506656770
1188120658930212864
1188068211973087233
1188528407916793858
1188514889255608321
1188445357832839168
1188436950124056578
1188434706355937285
1188433490272018432
1188404943717306374
1188395386999848960
1188377706553139200
1188937706497142784
1188928822428741633
1188923179756064768
1188921095870652416
1188869240763437066
1188853520948224002
1188798851731394561
1188794965540982785
1188793338989858816
1188791727567654913
1188770489088516097
1188747598489882624
1188726139444957185
1189303531414720512
1189301608708001792
1189287738408886277
1189279137279729664
1189275633861451778
1189269651328552961
1189266789806563329
1189234529598357507
1189199885389717505
1189172397485764608
1189170390603567107
1189167132367638529
1189127978061631488
1189075826156953600
1190755094251409408
1190752394654703616
1190748863327543297
1190746655525654528
1190706072270622721
1190679870365413376
1190624353941106689
1190618533329297408
1190612572082454528
1190574991642894337
1189652111954522112
1189634526911385600
1189631235213148160
1189629054036647944
1189605868972711936
1189601621401128960
1189591845388673024
1189540062976974848
1189506637587009536
1189493316284489728
1189478622593245186
1189474489492480000
1189471171902935040
1190047587291799555
1190041154756235275
1190003767980281857
1190002154263724033
1189998892504567808
1189970366761963521
1189960942056038400
1189948324826222592
1189927492552994816
1189914875318939654
1189903501427695617
1189900271918432257
1189876147506597888
1189875993009442821
1189875444876763136
1189844377398599680
1189834911869521928
1189832680235511814
1191066506366468096
1191012139806478336
1190996382297006081
1190942182477312000
1190912227613847552
1191500191825825794
1191496907174096897
1191494058532884480
1191488695922298882
1191488075072970752
1191485104545304579
1191484643037581319
1191481850155487235
1191480835112869889
1191477034725363712
1191472946436554755
1191470415555772423
1191466317460725760
1191464214038286336
1191452318723645440
1191425585324658689
1191421027718455296
1191364279074721792
1191837110141104128
1191821156715827200
1191816343819034624
1191785050372820993
1191777790355480576
1191766180421406720
1191740651970420737
1191713178339729408
1191709769750515712
1191673512290709505
1191522725157916672
1191519596576153600
1191517990711431169
1191515402284814338
1191512622920871936
1191508615787663360
1191507329419825158
1192194679988768768
1192178407527927809
1192172035574771712
1192167992269914113
1192128762340614144
1192109251533197312
1192078221191331841
1192073672745463808
1192069194331897856
1192053047968620544
1192035408449822720
1192026946387030016
1192024213256908801
1192016414888075265
1192014494291116032
1192582036076277760
1192580792536502279
1192580728099397641
1192574032752848899
1192567753804304385
1192562413167632385
1192560037908156418
1192559790070935553
1192556223536730117
1192552035310280705
1192542815454187521
1192540659422507008
1192538776356171778
1192536844916928513
1192533169876164611
1192528912821182464
1192493623679561729
1192476668138598401
1192461447726546946
1192442219107622913
1192439030429949952
1192433964864200705
1192415843507941376
1192413831768793089
1192411136471252992
1192389019172294657
1192386672606031873
1192370076978204672
1192345280517169152
1192342339483832320
1192339510211813376
1192337065997930496
1192937725621657606
1192934173843107840
1192931410149068800
1192918659506806786
1192916069830266881
1192911239753674753
1192888236760322048
1192869666340913154
1192867237893431298
1192864809773076480
1192844410351960064
1192836701158301697
1192822921464553472
1192807118044352513
1192795572169777152
1192779997594959872
1192768750111657987
1192761278235852801
1192756730666635264
1192755287737978880
1192746343166627841
1192743441790308352
1192719281206812674
1192718207708225536
1192715862194761728
1192693785798557696
1192593296268447745
1193667083206311936
1193667030316191745
1193666876804681735
1193665338086477825
1193634992162775041
1193578018016505858
1193538656029609984
1193531302240227329
1193516516098158593
1193509867698434050
1193482717259800576
1194020083565318144
1194019922357166080
1194011370020360192
1193998243014807555
1193972851130413056
1193972454256975872
1193893257899626500
1194730850266615808
1194679834804391938
1194587001971974144
1194585474360365056
1194577021495582720
1194576534998306817
1195078471464165376
1195045971790585856
1195044240868425728
1195032502311804929
1195023682621579264
1194982244974309377
1194982210476093440
1194954920908210177
1194940031154184192
1194885390559252480
1194884310488305664
1195429083179634690
1195342201980633089
1195297053447991296
1195274261105201160
1195690986632089605
1195673085761994752
1196191942863998981
1196171403713753088
1196097350239956994
1196004132034895879
1196439626870902784
1196435286890340352
1196771365078151170
1196771331922153476
1196771285516406784
1196753899262230528
1196741416694767616
1196739751656734721
1190412347522920448
1190412155549605888
1190410645201735680
1190410496148738051
1190410468885696513
1190410384513077250
1190410274542673921
1190402660698079241
1190402601147404290
1190402552547942400
1190393873052377088
1190388029732655107
1190387949617262594
1190387924849876992
1190387898517983232
1190387876116279296
1190386876764606465
1190386805209751553
1190375687242301441
1190348446521274368
1190323322975862784
1190323302549639174
1190323264234676224
1190284341886230530
1190284141469847553
1190246024264196097
1190230015134310400
1190224376442040321
1190211147510820864
1190198273899978754
1190196810960318464
1190195242210922496
1190188282988109824
1187479442362290176
1187468165548146688
1187463833276702720
1187458885407379456
1187406560252907521
1187352915469619201
1187340251716608002
1187337326759989254
1187312985364221953
1187308829668757504
1187807858357952512
1187802694154641408
1187779981293871105
1187778827306590208
1187742299285004288
1187732683826323458
1187728732477374467
1187701724460568576
1187660671770681345
1187652243128045568
1188182044062507008
1188167753552793600
1188142848488759296
1188142608738074627
1188117283400552450
1188102520083812353
1188074857940094976
1188062258292842497
1188062233219227651
1188062200457584642
1188062161236566016
1188049225034141697
1188027845664223232
1188554167276703745
1188549024791576577
1188535005288513538
1188492549893296129
1188470733615316994
1188437554527383552
1188435042017665024
1188434981753720834
1188434917769777153
1188432364902502402
1188432190960537602
1188412095919996928
1188379672352120832
1188375760526032896
1188967057204928514
1188965542675255298
1188958850692583424
1188901380850892800
1188901345107021826
1188869161952436224
1188837830916788240
1188837745529147393
1188837718492635136
1188787591384109058
1188787490645303296
1188770585825943554
1188770549654269954
1188768372651155458
1188742295820079106
1189320745987518464
1189317516893528064
1189274395669348353
1189268639507238913
1189251781060124677
1189198891893297153
1189182410061160449
1189131840998772736
1189090940906024960
1190779147846639616
1190675646860673026
1190675606767362057
1190675502056529922
1190644805749137409
1190642701663965184
1190578022367277061
1190564529702416386
1190558982114611200
1190555417065250816
1190554985769119744
1190430808324087808
1190430446116581376
1190423089366130688
1190422975482355712
1190422865935515648
1190422805596299266
1190422700227014658
1189683976522350592
1189654794828419072
1189640737983533057
1189596771753889793
1189553831715266563
1189545489861173249
1189543465648054273
1189534289773387776
1189500305018359808
1189500297489596417
1190025813703434240
1190025411918471168
1190025303915147264
1190014216884895761
1190007203123601411
1190006114311639041
1189964217690001408
1189953018701197317
1189816117394640896
1191105397546979334
1191079782001364992
1190782143313727488
1190781329828438016
1191499766485651459
1191475347142979584
1191472849959227397
1191472822603976706
1191472801028411394
1191472761593630720
1191472593045458945
1191466628099321858
1191433608814305283
1191430712337059845
1191430045472055298
1191423339069419521
1191356725938589696
1191354611363467264
1191340497459171328
1191340441645518848
1191835754122620928
1191777729781391362
1191777607722971136
1191774495675240448
1191716105162776576
1191714974437183489
1191714884800667650
1191714843620974593
1191714550871134209
1191520544669229057
1191520455498309632
1191520415828586496
1191520197280227328
1192193108202655745
1192138881845645312
1192125545179439104
1192122443286089728
1192122234258829312
1192120477889765377
1192120373954961408
1192066977214451712
1192066956427485184
1192527692878487552
1192506707873878021
1192505619779137536
1192447056377503744
1192424812062396418
1192380004996460545
1192374074053464065
1192374028599746560
1192939296455581698
1192926967525511169
1192924299834875904
1192924286119493633
1192924266217508865
1192917581428088832
1192917307414085632
1192917031076663301
1192832337886826496
1192794018549239808
1192756089323999232
1192755741637193728
1192743580953186304
1192743396877721600
1192743301197246464
1192725107195752448
1192724556672327680
1192720444715098112
1192720251705856000
1193211660699344897
1193197048159449089
1193195918805348362
1193628268169224194
1193615233224445952
1193565209543225345
1193565167554105344
1193565070602715141
1193536952861175808
1193536911673036800
1193536866752122880
1193536796774281233
1193531189916831745
1193465205805727745
1194021216291631104
1193952797684838405
1193723750103093248
1193723461576863744
1193723279980273664
1193723203077754880
1193688462693679104
1194208360704462848
1194183889901805568
1194183860378120193
1194183799514501121
1194183736855859201
1194183722486157312
1194698096522993665
1194692750534422529
1194692708062904324
1194692075868045312
1194681984024563713
1194657800967864321
1194643293482696704
1194604926980304901
1194595073452888064
1194518039766679552
1194517999232933888
1195127583945478145
1195127528802807808
1195127447097872386
1195094636307603457
1195076005075017728
1195048126895267843
1195008630736732161
1195002827241902080
1194973269784481798
1194973202230972417
1194971961299849216
1195321716656025600
1195690029286412289
1195686685725593600
1196158899348557825
1196151617537630209
1196144182420819974
1196093240182812673
1196052510160621568
1196052477696757761
1196052453705302022
1196052415172284416
1196515146333638656
1196515115518058497
1196515056487469056
1196515005623091210
1196487432352518144
1196350736617156611
1196350682590302209
1196786190927695877
1196786152042323968
1196786104814522372
1196776784458665984
1196772323669544961
1196770148075659270
1196763462854225922
1196720069914611712
1190399973713698816
1190399893120139269
1190379595238907904
1190369912759435270
1190330820935979014
1190328741127438336
1190269435006861312
1190218868742139905
1190204301295202305
1190197152959651841
1190087919358205952
1190077125367402499
1190076993758519296
1190076863735107590
1188967796601999360
1189313303329366016
1189311198598225920
1189290576363114496
1189271806856880130
1189251057978957824
1189250923480125442
1189237395801214976
1189185987949187074
1189139816748859392
1189072173463420929
1189072135500828677
1189072085932564480
1189071573610881025
1189071105010667521
1190775567341277184
1190769785568669697
1190747302845206529
1190737544956256256
1190737503810203648
1190737371718979585
1190682287920336896
1190670913072762880
1190666023416057856
1190637980668563457
1190635291750600705
1190628465575374853
1190619650645733377
1190616667337957376
1190585113190576131
1190585059440545793
1190585011847794688
1190577561795014662
1190570536960741376
1190559576011288576
1190542699448983552
1189685015715684353
1189684123272667136
1189657893802524674
1189649860078772227
1189647816332914692
1189647774431809538
1189645924701818881
1189644327410118656
1189641303434379264
1189640093985849346
1189633123832741888
1189591528861290496
1189580680126222337
1189562165696585730
1189549006004858880
1189536033941184512
1189520182651342850
1189520125168406529
1189520059791826946
1189519983182778370
1189519579229372418
1189337183993421824
1189337130578960384
1189337074119434240
1189336969941278721
1189336584753221632
1190026785863454721
1190024083695689728
1190022214067863552
1190021015017054209
1190003876000358401
1189952406848716800
1189952325814800385
1189952302339231745
1189917136556302336
1189916219782115331
1189900000148500482
1189899948013297664
1189818481816088576
1189697184469569536
1189697145424744448
1189697041041166337
1189696960640569344
1189696623435235328
1191107974070190082
1191092713321578497
1191092633613021184
1191092599580434434
1191092539887116289
1191092475307450368
1191091617911975942
1191064599174492160
1191064559970398208
1190787933554593792
1191434802857234434
1191434780736446465
1191434760754728961
1191430545378566144
1191420766358790146
1191419635192590339
1191332077821681664
1191258652138725376
1191146870501974016
1191846403410137090
1191840186071703553
1191838550553235457
1191838527455186944
1191817984509173760
1191784853332738049
1191784786672717829
1191784709178691592
1191778515416420352
1191739841815437312
1191708174841200640
1191708079148224512
1191635547023908864
1191550805419134976
1191550568910774273
1191550523561914368
1191550487855849480
1191550455475789824
1191550407304253440
1191518645475840001
1191518581768572929
1191518541880725506
1191518312661995520
1191518269020221440
1191518249168637954
1191518201030549506
1191518156612915200
1191518118486695936
1192225688734048256
1192219927199059968
1192209320039067653
1192209243438567431
1192209171220963328
1192204001078579200
1192202825276768257
1192202811158810625
1192197281510019072
1192124623590240256
1192122400676208641
1192119713423380483
1192119687661998080
1192078735605977096
1192076677314174981
1192076649413718026
1192076299285794826
1192073421506658305
1192052191655317504
1192020264256786432
1192013942513635328
1191881446480367617
1191881422614736896
1192590574802657281
1192580182579789824
1192571017081823240
1192569328924864513
1192562467106381825
1192556142741856262
1192554390730813449
1192550899031384065
1192537659392040961
1192537247939284998
1192498357543018498
1192449283980742657
1192449207073943554
1192449157782482945
1192449136181891072
1192449020888834049
1192449001406291973
1192442820671475717
1192439056623423488
1192409929920974848
1192397828200550400
1192397743215521794
1192397585589448704
1192395211382706176
1192378145606909952
1192370969232457728
1192369794944819201
1192369729400451072
1192367594881388545
1192367529496399872
1192938088672174081
1192933989180416002
1192933753091481600
1192933559255867392
1192928916173930496
1192921381706567680
1192921331429511168
1192855525245030400
1192855469083283456
1192837526643519488
1192833489458094085
1192833473628778496
1192833314157158401
1192826615992143872
1192826115804540928
1192803046474080256
1192797904462925826
1192795470453710848
1192791056691138561
1192788738826477568
1192788720656769030
1192786477731762181
1192780551775756288
1192725210564321281
1192725111733997568
1192717924278120450
1193310087214968835
1193679173459558400
1193671253451845634
1193668533013618689
1193667420466089986
1193665808205041665
1193664499959640064
1193664139501166594
1193655955109687298
1193655452430667778
1193652346271797248
1193651598121156613
1193651532148940801
1193650737663885312
1193650561612230656
1193649539951009794
1193649367196020736
1193648207017975808
1193648112059011072
1193647381906182145
1193643771617001475
1193643529857310720
1193637394970501121
1193637354424147978
1193637337495998469
1193637292222668800
1193637250527121409
1193634112780812289
1193633413976281089
1193632830980608002
1193632501463494657
1193624859047280640
1193611579893407745
1193609726443106304
1193589410228527105
1193588367012847618
1193585487702831106
1193580532606607361
1193578126225399808
1193568338913505281
1193565255626108928
1193555660497178626
1193553719176126478
1193553609662836737
1193550738699563009
1193550302592544768
1193549827558252546
1193548028193525766
1193548010325782528
1193547432505806850
1193545140398411776
1193545033670107136
1193540467041931266
1193537282944458755
1193535058977660935
1193532913675055105
1193532244394205184
1193531788569841664
1193531382582185984
1193530754988302336
1193530436535947266
1193528885931134976
1193524676468891650
1193521000807305218
1193520253344604161
1193519760018939904
1193515219097726977
1193514769426374658
1193514405356613635
1193513527480328192
1193508454406721539
1193508306469445634
1193503449532575745
1193503385124823041
1193500516568965121
1193496758795620353
1193496740504182784
1193496708971483136
1193494553195618305
1193494525777530881
1193494364430983171
1193492980839174144
1193491783042379776
1193491615719022598
1193491273057001473
1193475272781242368
1193471174937915392
1193467181033500673
1193466919057285123
1193463029045833728
1193462724099026944
1193461089570316288
1194039772324487168
1194028074712649734
1194020860857896966
1194016977888665600
1194016049345245184
1194012027636867078
1194009959538810882
1193997223765385217
1193989598424293377
1193989537246130178
1193984045409017856
1193984017424691200
1193971948478443523
1193964823983411205
1193953911549374466
1193953880184414208
1193952250026233856
1193952205214306304
1193951879413346309
1193951876133392384
1193951167509934080
1193950374752870401
1193950108435521537
1193947226617401345
1193940353461739520
1193938064231546880
1193930063399534592
1193923055795474432
1193922780758257664
1193919851833761796
1193901546368618497
1193901312947175425
1193896376402415617
1193890806781956096
1193882478257332226
1193876505794924544
1193849072966348800
1193829047500824576
1193826045696397317
1193711843774210048
1193695915057516545
1193695473032474630
1193693004193845249
1193690318778097664
1193683430548082688
1193682981543698433
1193682240825376770
1194221105764012032
1194212791785316352
1194212595399626752
1194209000784568320
1194208586940977153
1194207968667013125
1194207639418363905
1194206524882726912
1194205790657273856
1194205506568630273
1194204381324939264
1194198646591565824
1194179738681663489
1194176024109600771
1194061463767441413
1194762603224010753
1194720471616512000
1194720435973308418
1194720119823511552
1194719911370776576
1194707825894809602
1194707471249674240
1194693638070132736
1194693266316447752
1194689037560434688
1194688319462027264
1194686163400962048
1194685282446118913
1194682170524209153
1194676070211080192
1194658216212357120
1194649383519870981
1194649004514140160
1194641347392757763
1194606073858199554
1194605152969330689
1194603663513264128
1194598350890446848
1194596779528007680
1194589969035210752
1194588979896750080
1194585483814289411
1194582621558333446
1194579980665151488
1194576333730435072
1194569788342841344
1194563801489784833
1194560247861596160
1194558666227290112
1194556435146985473
1194555592855236608
1194538629374369793
1194538476835921920
1195128085554909193
1195127995939381249
1195125256131923979
1195124906851209217
1195124643285422080
1195115870139359232
1195110797061607424
1195098896625815554
1195095652667138055
1195094803609989120
1195074901222318080
1195070474230870016
1195065779877744642
1195059234016239623
1195047437146238978
1195034001087574016
1195032293099921413
1195020729634435073
1195017437386854401
1195017406063755264
1195002816726798336
1195002530129944576
1194988836167864320
1194973873047003136
1194972506245017600
1194971958053679105
1194943432768327681
1194933620663836672
1194915982118203393
1194915875427618816
1195483653834510336
1195470335665201153
1195421207337820164
1195417234207858693
1195417200888295425
1195398235407503360
1195388255648276482
1195358036883324930
1195355528471437316
1195354735609556994
1195354252987764736
1195352999377412099
1195337663605301248
1195335195962019840
1195326396324810752
1195326368751456257
1195299310377820160
1195298177127211010
1195295033651605504
1195292968745353216
1195281799624167424
1195273650490036224
1195271298693373953
1195269120582979585
1195839428578750464
1195776320950689794
1195766611787046914
1195753872641409024
1195747020784513024
1195733869301043202
1195714429125574662
1195702884647747586
1195695738434596864
1195693571686490114
1195676702355185667
1195670086109011969
1195652192608378885
1196197231449251840
1196197188038254594
1196180633506189313
1196175073734004736
1196158600735076352
1196153933741383681
1196140541714534407
1196136125674508294
1196110568375144449
1196093720522821632
1196071003677429760
1196064474815508480
1196063848970772480
1196057131423879169
1196052920741060608
1196034209372135424
1196022810709307392
1195859973206622208
1196567920811347968
1196565009389826050
1196562379527610368
1196561738071707649
1196561665703260166
1196559276292136960
1196515922753642496
1196515799076343810
1196515010308124672
1196512251290763264
1196493831992225794
1196492884675112960
1196489201090514944
1196473352552140801
1196470282996912129
1196467337291022344
1196458620357140480
1196455626785918976
1196432263271079936
1196431408396406786
1196429874497564677
1196417301022674945
1196414459885084672
1196403270228627462
1196400373868703745
1196390499969576961
1196387051429609472
1196380612300550144
1196379123603705856
1196364381099048960
1196351779199430656
1196345529048940545
1196343638642634752
1196337829368025088
1196797889751715840
1196795671053000705
1196793930366509057
1196791107914518531
1196781532280692736
1196777178278567936
1196776565679501313
1196771106771886080
1196770794191368192
1196764090590515200
1196762713504047105
1196756082481356801
1196737596598173698
1196735204678885378
1196735193220100097
1196735190426693632
1196735188711202817
1196722981063536640
1196722903607328768
1192219660869132288
1192219645329248257
1192213129792499713
1192206572287676417
1192200862107602946
1192198299866075136
1192197157299933185
1192190726593007617
1192189936063135745
1192188447991173123
1192184355197784065
1192182740613042176
1192181991451574275
1192180379563823106
1192180377781227526
1192180375554068480
1192180369044496391
1192180367186432001
1192180364623654912
1192180356465745920
1192166295162232834
1192164794670964747
1192155791479975936
1192154956196921344
1192153465608425473
1192151352828411904
1192150106352553986
1192146822699065344
1192146787458527234
1192145401916379136
1192144954929356800
1192142142526894085
1192140178225291265
1192134455399460864
1192134387921539077
1192134074531336192
1192133233238052865
1192130370873036800
1192124258299842560
1192122479029960705
1192116150919929856
1192112693894942721
1192102711757590529
1192091461824716800
1192089888948133896
1192089351792017409
1192083326099763205
1192080555812282373
1192078804199575553
1192077061969588224
1192076321058369541
1192076038798528512
1192075520638377984
1192074975534108679
1192591425285873665
1192591055583162368
1192589920323428352
1192582931379892227
1192582906885136384
1192581754621747200
1192581739652243458
1192581334797049857
1192580657861529600
1192579039816568834
1192577813758562304
1192575824790216706
1192575276653404160
1192574732597637120
1192574657507078145
1192573920785948672
1192573834756534272
1192573807850139648
1192573237303136258
1192571728893022209
1192569736208490497
1192567739275268098
1192563883581607936
1192563554450395141
1192563231694475270
1192562156329410560
1192560597428244480
1192560140827926529
1192559970929262592
1192559194370646018
1192558710561951750
1192556412897038337
1192555032710918144
1192552793611153408
1192552401741524992
1192551601384435724
1192550617006452736
1192550485645025280
1192549492819709952
1192546564528582657
1192545880139870210
1192544991345872896
1192543211912409097
1192542591050534913
1192541778542563329
1192538523267715073
1192534703535988737
1192532718606835712
1192532666534547456
1192532613396860928
1192529788134678528
1192528386691870724
1192526215195906048
1192525382815227909
1192524666633674756
1192524655657193472
1192524398680584192
1192521951484485632
1192517937225224193
1192509680771358721
1192507406636507138
1192506774349324289
1192506351253102593
1192504466743996422
1192504315421872128
1192501686964805634
1192499434313175040
1192496121177878528
1192491251406450689
1192489735735955458
1192487735564668928
1192483340013723649
1192477414250688513
1192474765648441345
1192474161953808386
1192473838556270595
1192473603964575745
1192473175159967744
1192469225971048448
1192468968004562947
1192457779417665536
1192457341289009153
1192456425445957633
1192454725641408512
1192454563380580352
1192449662667677696
1192448859257090048
1192954236021149696
1192939514051858432
1192939418283323392
1192939313828372480
1192938603976036352
1192935517538660352
1192932301581275137
1192930097340264453
1192930085843673090
1192919657122082817
1192910076517986305
1192907510723809286
1192904543450943488
1192901463414059009
1192901417431904263
1192901292617818112
1192900029561872386
1192898261994090501
1192890354875416576
1192890269173198854
1192887524680699905
1192880116143198208
1192876737190940672
1192876679837945861
1192876665027923973
1192872012378771458
1192871784271564805
1192871691241893888
1192869228933726209
1192866697021186048
1192862375155838980
1192854838817759238
1192854189610864641
1192853241614213120
1192852959308263424
1192852819805659136
1192852686368104448
1192852480301977601
1192852321065156609
1192852178655961093
1192844022299156487
1192843448870674433
1192842411170574341
1192824901398401026
1192814956288335876
1192813918130974720
1192799042788581376
1192797963388628992
1192791732531924993
1192791244709208064
1192790123043315712
1192781816412942336
1192776294624382976
1192769022745567232
1192768968001556480
1192767746750189569
1192767632631574533
1192765482841100288
1192761416429789184
1192761356912603136
1192758883976122369
1192758833522892801
1192754901333499905
1192751993573584896
1192743294138224640
1192743233115344896
1192743218963566593
1192743176387334144
1192743130291982336
1192743123581054976
1192737941908533248
1192737716821274625
1192737700593487872
1192736216623570944
1192735479201959936
1192735353561632768
1192711279628242944
1192710854199914496
1192601656149585926
1192597862225514496
1192592987810926593
1193313943143559172
1193312021678305281
1193311621264879616
1193310586072961029
1193308538451443712
1193271611908071424
1193188151877128192
1193188099691597825
1193188040275058688
1193173712440352768
1193142259438538752
1193141871381504002
